name: amosPy27
channels:
  - bioconda
  - conda-forge
  - defaults
dependencies:
  - _libgcc_mutex=0.1=main
  - _openmp_mutex=5.1=1_gnu
  - amos=3.1.0=py27_3
  - bamtools=2.5.1=h9a82719_9
  - bcftools=1.9=ha228f0b_4
  - bedtools=2.30.0=h7d7f7ad_2
  - biopython=1.76=py27h516909a_0
  - blast=2.12.0=pl5262h3289130_0
  - bowtie2=2.2.8=py27_2
  - bzip2=1.0.8=h7b6447c_0
  - c-ares=1.18.1=h7f8727e_0
  - ca-certificates=2023.05.30=h06a4308_0
  - certifi=2020.6.20=pyhd3eb1b0_3
  - curl=7.87.0=h5eee18b_0
  - dbus=1.13.18=hb2f20db_0
  - entrez-direct=16.2=he881be0_1
  - expat=2.2.10=he6710b0_2
  - fastp=0.22.0=h2e03b76_0
  - fastqc=0.11.9=hdfd78af_1
  - font-ttf-dejavu-sans-mono=2.37=hd3eb1b0_0
  - fontconfig=2.14.1=hef1e5e3_0
  - freetype=2.12.1=h4a9f257_0
  - gatk4=4.3.0.0=py36hdfd78af_0
  - glib=2.69.1=he621ea3_2
  - gmcloser=1.6.2=hdfd78af_1
  - icu=58.2=he6710b0_3
  - idba=1.1.3=1
  - jellyfish=2.2.10=h6bb024c_1
  - jemalloc=4.5.0=0
  - k8=0.2.5=h9a82719_1
  - krb5=1.19.2=hac12032_0
  - libblas=3.9.0=15_linux64_openblas
  - libcblas=3.9.0=15_linux64_openblas
  - libcurl=7.87.0=h91b91d3_0
  - libdeflate=1.0=h14c3975_1
  - libedit=3.1.20221030=h5eee18b_0
  - libev=4.33=h7f8727e_1
  - libffi=3.4.2=h6a678d5_6
  - libgcc=7.2.0=h69d50b8_2
  - libgcc-ng=11.2.0=h1234567_1
  - libgfortran-ng=12.2.0=h69a702a_19
  - libgfortran5=12.2.0=h337968e_19
  - libgomp=11.2.0=h1234567_1
  - libidn2=2.3.4=h5eee18b_0
  - liblapack=3.9.0=15_linux64_openblas
  - libnghttp2=1.46.0=hce63b2e_0
  - libopenblas=0.3.20=pthreads_h78a6416_0
  - libpng=1.6.37=hbc83047_0
  - libssh2=1.10.0=h8f2d780_0
  - libstdcxx-ng=11.2.0=h1234567_1
  - libunistring=0.9.10=h27cfd23_0
  - libxcb=1.15=h7f8727e_0
  - libxml2=2.9.14=h74e7548_0
  - minimap2=2.17=h5bf99c6_4
  - mummer=3.23=pl5262h1b792b2_12
  - ncurses=6.3=h5eee18b_3
  - numpy=1.16.5=py27h95a1406_0
  - openjdk=8.0.152=h7b6447c_3
  - openssl=1.1.1v=h7f8727e_0
  - pcre=8.45=h295c915_0
  - perl=5.26.2=h14c3975_0
  - perl-archive-tar=2.32=pl526_0
  - perl-carp=1.38=pl526_3
  - perl-common-sense=3.74=pl526_2
  - perl-compress-raw-bzip2=2.087=pl526he1b5a44_0
  - perl-compress-raw-zlib=2.087=pl526hc9558a2_0
  - perl-dbi=1.642=pl526_0
  - perl-exporter=5.72=pl526_1
  - perl-exporter-tiny=1.002001=pl526_0
  - perl-extutils-makemaker=7.36=pl526_1
  - perl-findbin=1.51=pl526_2
  - perl-getopt-long=2.50=pl526_1
  - perl-io-compress=2.087=pl526he1b5a44_0
  - perl-io-zlib=1.10=pl526_2
  - perl-json=4.02=pl526_0
  - perl-json-xs=2.34=pl526h6bb024c_3
  - perl-list-moreutils=0.428=pl526_1
  - perl-list-moreutils-xs=0.428=pl526_0
  - perl-pathtools=3.75=pl526h14c3975_1
  - perl-pod-escapes=1.07=pl526_1
  - perl-pod-usage=1.69=pl526_1
  - perl-scalar-list-utils=1.52=pl526h516909a_0
  - perl-statistics-descriptive=3.0702=pl526_0
  - perl-test=1.26=pl526_1
  - perl-test-harness=3.42=pl526_0
  - perl-threaded=5.32.1=hdfd78af_1
  - perl-types-serialiser=1.0=pl526_2
  - perl-xml-parser=2.44=pl526h4e0c4b3_7
  - perl-xsloader=0.24=pl526_0
  - picard=2.18.29=0
  - pip=19.3.1=py27_0
  - plink=1.90b6.21=hec16e2b_2
  - python=2.7.18=h42bf7aa_3
  - python_abi=2.7=1_cp27mu
  - readline=8.2=h5eee18b_0
  - samtools=0.1.19=2
  - seqtk=1.3=h5bf99c6_3
  - setuptools=44.0.0=py27_0
  - soapdenovo2=2.40=0
  - soapdenovo2-gapcloser=1.12=he941832_2
  - sqlite=3.40.1=h5082296_0
  - tk=8.6.12=h1ccaba5_0
  - trimmomatic=0.39=hdfd78af_2
  - velvet=1.2.10=h5bf99c6_4
  - wget=1.21.4=h91b91d3_1
  - wheel=0.37.1=pyhd3eb1b0_0
  - xz=5.2.10=h5eee18b_1
  - zlib=1.2.13=h5eee18b_0
  - pip:
      - pandas==0.24.2
      - python-dateutil==2.8.2
      - pytz==2023.3
      - six==1.16.0
prefix: /home/arenschen/miniconda3/envs/amosPy27
